Grid 01
003020600
900305001
001806400
008102900
700000008
006708200
002609500
800203009
005010300
Grid 02
020810740
700003100
090002805
009040087
400208003
160030200
302700060
005600008
076051090
Grid 03
480006902
002008001
900370060
840010200
003704100
001060049
020085007
700900600
609200018
Grid 04
062340750
100005600
570000040
000094800
400000006
005830000
030000091
006400007
059083260
Grid 05
361025900
080960010
400000057
008000471
000603000
259000800
740000005
020018060
005470329
Grid 06
050807020
600010090
702540006
070020301
504000908
103080070
900076205
060090003
080103040
Grid 07
003502900
000040000
106000305
900251008
070408030
800763001
308000104
000020000
005104800
Grid 08
000000000
009805100
051907420
290401065
000000000
140508093
026709580
005103600
000000000
Grid 09
050010040
107000602
000905000
208030501
040070020
901080406
000401000
304000709
020060010
Grid 10
006080300
049070250
000405000
600317004
007000800
100826009
000702000
075040190
003090600
Grid 11
000900800
128006400
070800060
800430007
500000009
600079008
090004010
003600284
001007000
Grid 12
000602000
400050001
085010620
038206710
000000000
019407350
026040530
900020007
000809000
Grid 13
003020600
900305001
001806400
008102900
700000008
006708200
002609500
800203009
005010300
Grid 14
020810740
700003100
090002805
009040087
400208003
160030200
302700060
005600008
076051090
Grid 15
480006902
002008001
900370060
840010200
003704100
001060049
020085007
700900600
609200018
Grid 16
062340750
100005600
570000040
000094800
400000006
005830000
030000091
006400007
059083260
Grid 17
361025900
080960010
400000057
008000471
000603000
259000800
740000005
020018060
005470329
Grid 18
050807020
600010090
702540006
070020301
504000908
103080070
900076205
060090003
080103040
Grid 19
003502900
000040000
106000305
900251008
070408030
800763001
308000104
000020000
005104800
Grid 20
000000000
009805100
051907420
290401065
000000000
140508093
026709580
005103600
000000000